1    ,"Cuenta de Ahorros             ",1  ,0      ,2  ,1  ,1.00             ,50000.00         ,.00              ,1      ,2    ,20110103  ,1  ,7.0000000    ,1885.00          ,26437146.00      ,"MAGR9228  ",20181228  ,13411922
2    ,"Depósito FONDO LIQUIDEZ       ",1  ,0      ,2  ,1  ,1.00             ,50000.00         ,.00              ,2      ,2    ,20110103  ,1  ,7.0000000    ,1885.00          ,26437146.00      ,"MAGR9228  ",20190401  ,18102909
3    ,"Ahorro Juvenil Coomevita      ",1  ,0      ,2  ,1  ,1.00             ,50000.00         ,.00              ,3      ,1    ,20110103  ,1  ,7.0000000    ,1885.00          ,26437146.00      ,"MAGR9228  ",20181228  ,13412925
5    ,"Cuenta Rentable               ",1  ,0      ,2  ,1  ,1.00             ,50000.00         ,.00              ,5      ,2    ,20110103  ,1  ,7.0000000    ,1885.00          ,26437146.00      ,"MAGR9228  ",20181228  ,13413317
13   ,"CARTERAS COLECTIVAS           ",1  ,0      ,2  ,1  ,1.00             ,50000.00         ,.00              ,1      ,2    ,20110103  ,1  ,7.0000000    ,1885.00          ,26437146.00      ,"MAGR9228  ",20181228  ,13413686
16   ,"Cuenta de Ahorros AFC         ",1  ,0      ,2  ,1  ,1.00             ,1.00             ,.00              ,16     ,1    ,20080101  ,1  ,7.0000000    ,.00              ,15445914.00      ,"MAGR9228  ",20181228  ,13414089
21   ,"Cuenta Ahorros Pensionados    ",1  ,0      ,2  ,1  ,1.00             ,1.00             ,.00              ,1      ,2    ,20150804  ,1  ,7.0000000    ,1885.00          ,26437146.00      ,"MAGR9228  ",20181228  ,13414457
31   ,"Cuenta Convenio de Pago       ",1  ,0      ,2  ,1  ,1.00             ,1.00             ,.00              ,31     ,2    ,20110103  ,1  ,7.0000000    ,1885.00          ,26437146.00      ,"MAGR9228  ",20181228  ,13414902
32   ,"Ctas Exasociados              ",1  ,0      ,9  ,1  ,1.00             ,1.00             ,.00              ,31     ,2    ,20110103  ,1  ,7.0000000    ,1885.00          ,26437146.00      ,"MAGR9228  ",20181228  ,13415297
81   ,"Cuenta de Nomina              ",1  ,0      ,2  ,1  ,1.00             ,1.00             ,.00              ,81     ,2    ,20121008  ,1  ,7.0000000    ,1885.00          ,26437146.00      ,"MAGR9228  ",20181228  ,13415750
91   ,"Cuenta Beneficios             ",1  ,0      ,2  ,1  ,1.00             ,1.00             ,.00              ,1      ,2    ,20151112  ,1  ,7.0000000    ,1885.00          ,26437146.00      ,"MAGR9228  ",20181228  ,13420267
35   ,"Cuenta Agil                   ",1  ,0      ,2  ,1  ,1.00             ,50000.00         ,.00              ,1      ,2    ,20200521  ,1  ,7.0000000    ,1885.00          ,26437146.00      ,"JATG4352  ",20200521  ,15281589
38   ,"CMA Sistema General de Partici",1  ,0      ,2  ,1  ,1.00             ,50000.00         ,.00              ,1      ,2    ,20201101  ,1  ,7.0000000    ,1958.00          ,26437146.00      ,"MAGR9228  ",20201104  ,11384606
58   ,"CMA Fondos de Salud o EPS Subs",1  ,0      ,2  ,1  ,1.00             ,50000.00         ,.00              ,1      ,2    ,20201101  ,1  ,7.0000000    ,1958.00          ,26437146.00      ,"MAGR9228  ",20201104  ,11404623
98   ,"CMA ESE                       ",1  ,0      ,2  ,1  ,1.00             ,50000.00         ,.00              ,1      ,2    ,20201101  ,1  ,7.0000000    ,1958.00          ,26437146.00      ,"MAGR9228  ",20201104  ,11415346
52   ,"Cuenta Super Tasa             ",1  ,0      ,2  ,1  ,1.00             ,50000.00         ,.00              ,52     ,2    ,20200521  ,1  ,7.0000000    ,1885.00          ,26437146.00      ,"JATG4352  ",20221029  ,15031179
80   ,"Cuenta Maestra ICBF           ",1  ,0      ,2  ,1  ,1.00             ,50000.00         ,.00              ,1      ,2    ,20221228  ,1  ,7.0000000    ,2333.00          ,26437146.00      ,"JMAM7287  ",20230317  ,12312032
