2      ,1      ,951    ,689    ,1  ,0      ,"FVC       ",20011126  ,18251844
2      ,2      ,932    ,417    ,1  ,0      ,"TYJ01     ",20011226  ,16110980
2      ,3      ,953    ,713    ,1  ,0      ,"FVC       ",20011126  ,18253526
2      ,5      ,955    ,730    ,1  ,0      ,"TYJ01     ",20011128  ,16004622
2      ,13     ,951    ,370    ,1  ,0      ,"DNTYJ005  ",20081218  ,10212869
2      ,16     ,182    ,179    ,1  ,0      ,"DNTYJ005  ",20081016  ,15082743
2      ,21     ,918    ,915    ,1  ,0      ,"MAGR9228  ",20180426  ,18111846
2      ,31     ,931    ,775    ,1  ,0      ,"TYJ01     ",20011226  ,16110980
2      ,81     ,951    ,689    ,1  ,0      ,"FVC       ",20011126  ,18251844
2      ,91     ,952    ,677    ,1  ,0      ,"FVC       ",20011126  ,18251844
3      ,1      ,690    ,901    ,1  ,0      ,"TYJ01     ",20011226  ,16343072
3      ,2      ,418    ,904    ,1  ,0      ,"TYJ01     ",20011226  ,16350620
3      ,3      ,715    ,902    ,1  ,0      ,"TYJ01     ",20011226  ,16344457
3      ,5      ,732    ,903    ,1  ,0      ,"TYJ01     ",20011226  ,16345641
3      ,13     ,371    ,901    ,1  ,0      ,"DNTYJ005  ",20081218  ,10233488
3      ,21     ,916    ,917    ,1  ,0      ,"MAGR9228  ",20180426  ,18114760
3      ,31     ,777    ,904    ,1  ,0      ,"TYJ01     ",20011226  ,16350620
3      ,81     ,690    ,901    ,1  ,0      ,"TYJ01     ",20011226  ,16343072
3      ,91     ,678    ,911    ,1  ,0      ,"TYJ01     ",20011226  ,16343072
2      ,35     ,958    ,670    ,1  ,0      ,"JATG4352  ",20200521  ,17085535
3      ,35     ,691    ,913    ,1  ,0      ,"JATG4352  ",20200521  ,17091963
2      ,52     ,4      ,5      ,1  ,0      ,"JMAM7287  ",20230303  ,15384978
3      ,52     ,6      ,7      ,1  ,0      ,"JMAM7287  ",20230303  ,15402859
2      ,80     ,531    ,532    ,1  ,0      ,"JMAM7287  ",20230321  ,9475976
3      ,80     ,533    ,534    ,1  ,0      ,"JMAM7287  ",20230321  ,9482976
